ARMA_MAT_TXT_FN008
399 1
   9.86955366730768e+00
   3.94776058686119e+01
   8.88223302398217e+01
   1.57900682965888e+02
   2.46708402968672e+02
   3.55240012169595e+02
   4.83488815827862e+02
   6.31446902953101e+02
   7.99105146793586e+02
   9.86453205399052e+02
   1.19347952225880e+03
   1.42017132701440e+03
   1.66651463624753e+03
   1.93249425434249e+03
   2.21809377442359e+03
   2.52329557936708e+03
   2.84808084288805e+03
   3.19242953070159e+03
   3.55632040175852e+03
   3.93973100955591e+03
   4.34263770352146e+03
   4.76501563047236e+03
   5.20683873614850e+03
   5.66807976681961e+03
   6.14871027096626e+03
   6.64870060103496e+03
   7.16801991526697e+03
   7.70663617960082e+03
   8.26451616964821e+03
   8.84162547274350e+03
   9.43792849006641e+03
   1.00533884388381e+04
   1.06879673545897e+04
   1.13416260935046e+04
   1.20143243348329e+04
   1.27060205833782e+04
   1.34166721720579e+04
   1.41462352645344e+04
   1.48946648579196e+04
   1.56619147855509e+04
   1.64479377198385e+04
   1.72526851751855e+04
   1.80761075109780e+04
   1.89181539346479e+04
   1.97787725048051e+04
   2.06579101344424e+04
   2.15555125942099e+04
   2.24715245157595e+04
   2.34058893951613e+04
   2.43585495963882e+04
   2.53294463548716e+04
   2.63185197811260e+04
   2.73257088644436e+04
   2.83509514766575e+04
   2.93941843759740e+04
   3.04553432108737e+04
   3.15343625240814e+04
   3.26311757566030e+04
   3.37457152518320e+04
   3.48779122597223e+04
   3.60276969410294e+04
   3.71949983716181e+04
   3.83797445468378e+04
   3.95818623859637e+04
   4.08012777367049e+04
   4.20379153797788e+04
   4.32916990335504e+04
   4.45625513587380e+04
   4.58503939631841e+04
   4.71551474066905e+04
   4.84767312059188e+04
   4.98150638393552e+04
   5.11700627523386e+04
   5.25416443621535e+04
   5.39297240631855e+04
   5.53342162321402e+04
   5.67550342333249e+04
   5.81920904239925e+04
   5.96452961597481e+04
   6.11145618000168e+04
   6.25997967135730e+04
   6.41009092841310e+04
   6.56178069159968e+04
   6.71503960397791e+04
   6.86985821181616e+04
   7.02622696517345e+04
   7.18413621848849e+04
   7.34357623117474e+04
   7.50453716822118e+04
   7.66700910079901e+04
   7.83098200687412e+04
   7.99644577182529e+04
   8.16339018906809e+04
   8.33180496068449e+04
   8.50167969805806e+04
   8.67300392251483e+04
   8.84576706596962e+04
   9.01995847157796e+04
   9.19556739439343e+04
   9.37258300203048e+04
   9.55099437533261e+04
   9.73079050904594e+04
   9.91196031249801e+04
   1.00944926102820e+05
   1.02783761429459e+05
   1.04635995676873e+05
   1.06501514590528e+05
   1.08380203096431e+05
   1.10271945308226e+05
   1.12176624534341e+05
   1.14094123285191e+05
   1.16024323280419e+05
   1.17967105456199e+05
   1.19922349972574e+05
   1.21889936220853e+05
   1.23869742831048e+05
   1.25861647679360e+05
   1.27865527895717e+05
   1.29881259871348e+05
   1.31908719266409e+05
   1.33947781017654e+05
   1.35998319346151e+05
   1.38060207765036e+05
   1.40133319087318e+05
   1.42217525433727e+05
   1.44312698240598e+05
   1.46418708267802e+05
   1.48535425606721e+05
   1.50662719688259e+05
   1.52800459290896e+05
   1.54948512548785e+05
   1.57106746959881e+05
   1.59275029394121e+05
   1.61453226101630e+05
   1.63641202720974e+05
   1.65838824287451e+05
   1.68045955241410e+05
   1.70262459436617e+05
   1.72488200148652e+05
   1.74723040083345e+05
   1.76966841385241e+05
   1.79219465646107e+05
   1.81480773913468e+05
   1.83750626699177e+05
   1.86028883988023e+05
   1.88315405246365e+05
   1.90610049430802e+05
   1.92912674996870e+05
   1.95223139907780e+05
   1.97541301643171e+05
   1.99867017207909e+05
   2.02200143140903e+05
   2.04540535523955e+05
   2.06888049990638e+05
   2.09242541735202e+05
   2.11603865521507e+05
   2.13971875691977e+05
   2.16346426176592e+05
   2.18727370501892e+05
   2.21114561800017e+05
   2.23507852817761e+05
   2.25907095925663e+05
   2.28312143127105e+05
   2.30722846067447e+05
   2.33139056043176e+05
   2.35560624011081e+05
   2.37987400597441e+05
   2.40419236107246e+05
   2.42855980533428e+05
   2.45297483566110e+05
   2.47743594601887e+05
   2.50194162753106e+05
   2.52649036857182e+05
   2.55108065485916e+05
   2.57571096954839e+05
   2.60037979332568e+05
   2.62508560450178e+05
   2.64982687910589e+05
   2.67460209097964e+05
   2.69940971187126e+05
   2.72424821152985e+05
   2.74911605779973e+05
   2.77401171671503e+05
   2.79893365259423e+05
   2.82388032813492e+05
   2.84885020450866e+05
   2.87384174145584e+05
   2.89885339738075e+05
   2.92388362944664e+05
   2.94893089367090e+05
   2.97399364502027e+05
   2.99907033750620e+05
   3.02415942428017e+05
   3.04925935772914e+05
   3.07436858957098e+05
   3.09948557094999e+05
   3.12460875253245e+05
   3.14973658460217e+05
   3.17486751715612e+05
   3.20000000000000e+05
   3.22513248284388e+05
   3.25026341539783e+05
   3.27539124746755e+05
   3.30051442905001e+05
   3.32563141042902e+05
   3.35074064227086e+05
   3.37584057571983e+05
   3.40092966249380e+05
   3.42600635497973e+05
   3.45106910632910e+05
   3.47611637055335e+05
   3.50114660261925e+05
   3.52615825854416e+05
   3.55114979549134e+05
   3.57611967186508e+05
   3.60106634740577e+05
   3.62598828328497e+05
   3.65088394220026e+05
   3.67575178847015e+05
   3.70059028812874e+05
   3.72539790902036e+05
   3.75017312089411e+05
   3.77491439549822e+05
   3.79962020667432e+05
   3.82428903045161e+05
   3.84891934514084e+05
   3.87350963142818e+05
   3.89805837246894e+05
   3.92256405398113e+05
   3.94702516433890e+05
   3.97144019466572e+05
   3.99580763892754e+05
   4.02012599402559e+05
   4.04439375988919e+05
   4.06860943956824e+05
   4.09277153932553e+05
   4.11687856872895e+05
   4.14092904074337e+05
   4.16492147182239e+05
   4.18885438199983e+05
   4.21272629498108e+05
   4.23653573823408e+05
   4.26028124308023e+05
   4.28396134478493e+05
   4.30757458264798e+05
   4.33111950009362e+05
   4.35459464476045e+05
   4.37799856859097e+05
   4.40132982792091e+05
   4.42458698356829e+05
   4.44776860092220e+05
   4.47087325003130e+05
   4.49389950569198e+05
   4.51684594753635e+05
   4.53971116011977e+05
   4.56249373300823e+05
   4.58519226086532e+05
   4.60780534353893e+05
   4.63033158614759e+05
   4.65276959916655e+05
   4.67511799851348e+05
   4.69737540563383e+05
   4.71954044758590e+05
   4.74161175712549e+05
   4.76358797279026e+05
   4.78546773898370e+05
   4.80724970605879e+05
   4.82893253040119e+05
   4.85051487451215e+05
   4.87199540709104e+05
   4.89337280311741e+05
   4.91464574393279e+05
   4.93581291732198e+05
   4.95687301759402e+05
   4.97782474566273e+05
   4.99866680912682e+05
   5.01939792234964e+05
   5.04001680653849e+05
   5.06052218982346e+05
   5.08091280733591e+05
   5.10118740128652e+05
   5.12134472104283e+05
   5.14138352320640e+05
   5.16130257168952e+05
   5.18110063779147e+05
   5.20077650027426e+05
   5.22032894543801e+05
   5.23975676719581e+05
   5.25905876714809e+05
   5.27823375465659e+05
   5.29728054691774e+05
   5.31619796903569e+05
   5.33498485409472e+05
   5.35364004323127e+05
   5.37216238570541e+05
   5.39055073897180e+05
   5.40880396875020e+05
   5.42692094909541e+05
   5.44490056246674e+05
   5.46274169979695e+05
   5.48044326056066e+05
   5.49800415284220e+05
   5.51542329340304e+05
   5.53269960774852e+05
   5.54983203019419e+05
   5.56681950393155e+05
   5.58366098109319e+05
   5.60035542281747e+05
   5.61690179931259e+05
   5.63329908992010e+05
   5.64954628317788e+05
   5.66564237688252e+05
   5.68158637815115e+05
   5.69737730348265e+05
   5.71301417881838e+05
   5.72849603960221e+05
   5.74382193084003e+05
   5.75899090715869e+05
   5.77400203286427e+05
   5.78885438199983e+05
   5.80354703840252e+05
   5.81807909576007e+05
   5.83244965766675e+05
   5.84665783767860e+05
   5.86070275936814e+05
   5.87458355637846e+05
   5.88829937247661e+05
   5.90184936160645e+05
   5.91523268794081e+05
   5.92844852593309e+05
   5.94149606036816e+05
   5.95437448641262e+05
   5.96708300966450e+05
   5.97962084620221e+05
   5.99198722263295e+05
   6.00418137614036e+05
   6.01620255453162e+05
   6.02805001628382e+05
   6.03972303058971e+05
   6.05122087740278e+05
   6.06254284748168e+05
   6.07368824243397e+05
   6.08465637475919e+05
   6.09544656789126e+05
   6.10605815624026e+05
   6.11649048523342e+05
   6.12674291135556e+05
   6.13681480218874e+05
   6.14670553645128e+05
   6.15641450403612e+05
   6.16594110604839e+05
   6.17528475484240e+05
   6.18444487405790e+05
   6.19342089865558e+05
   6.20221227495195e+05
   6.21081846065352e+05
   6.21923892489022e+05
   6.22747314824814e+05
   6.23552062280161e+05
   6.24338085214449e+05
   6.25105335142080e+05
   6.25853764735466e+05
   6.26583327827942e+05
   6.27293979416622e+05
   6.27985675665167e+05
   6.28658373906495e+05
   6.29312032645410e+05
   6.29946611561162e+05
   6.30562071509934e+05
   6.31158374527256e+05
   6.31735483830352e+05
   6.32293363820399e+05
   6.32831980084733e+05
   6.33351299398965e+05
   6.33851289729034e+05
   6.34331920233180e+05
   6.34793161263851e+05
   6.35234984369528e+05
   6.35657362296479e+05
   6.36060268990444e+05
   6.36443679598241e+05
   6.36807570469298e+05
   6.37151919157112e+05
   6.37476704420633e+05
   6.37781906225576e+05
   6.38067505745657e+05
   6.38333485363752e+05
   6.38579828672986e+05
   6.38806520477741e+05
   6.39013546794601e+05
   6.39200894853206e+05
   6.39368553097047e+05
   6.39516511184172e+05
   6.39644759987830e+05
   6.39753291597031e+05
   6.39842099317034e+05
   6.39911177669760e+05
   6.39960522394131e+05
   6.39990130446333e+05
